Accuracy: 0.5595

              precision    recall  f1-score   support

           0       0.69      0.75      0.72       331
           1       0.59      0.51      0.54       432
           2       0.90      0.81      0.85       310
           3       0.22      0.36      0.27       245
           4       0.66      0.74      0.70       498
           5       0.64      0.79      0.71       247
           6       0.66      0.60      0.63       348
           7       0.89      0.74      0.81       436
           8       0.49      0.45      0.47       288
           9       0.46      0.30      0.36       331
          10       0.63      0.78      0.70       209
          11       0.37      0.34      0.35       394
          12       0.43      0.36      0.39       291
          13       0.72      0.88      0.79       246
          14       0.98      0.99      0.98       347
          15       0.76      0.92      0.83       164
          16       0.02      0.03      0.03       144
          17       0.39      0.43      0.41       246
          18       0.60      0.62      0.61       248
          19       0.30      0.23      0.26       266
          20       0.60      0.38      0.47       346
          21       0.30      0.33      0.31       206
          22       0.33      0.35      0.34       267
          23       0.50      0.44      0.47       332

    accuracy                           0.56      7172
   macro avg       0.55      0.55      0.54      7172
weighted avg       0.57      0.56      0.56      7172
